$ANSIBLE_VAULT;1.1;AES256
31323637666162653935663966666634313930336237326336623130616665313238376338363335
3365393530373538626166616336356164333637366639610a383838336232623932346235646264
36363764353536376138666537623662396634313065323964383530633336623934626438383330
3338623536363934310a346431333830656538323861646239373630366339643062363462653262
38323739646534646139633463346565663334363633656135623134643536353365363564663634
64646332663430313636663462363931396235376637326566393533376264346634316136393935
36316361396563363361306339623261653731333437393737363063313566666332383332323530
30386538633462613430326239393164343630616262666234396231303032653635616439336334
66366331343131653936663439326463316631643634333830326131366136633732383064373163
39633434666435663666313961613637313439313634393635323466613661663237653836666264
35343436366436393639303837633235306236363565303263356166633066393338313939396438
38633231316366666663353036373932636237363237313932383262656638393834363461356238
30643333333739353562613134613064343835633533363766363261653034306637
